
实际情况下当然不可能就1个快递点我就忽略了

使用2个网点的最小成本为
   1.7357e+08

使用3个网点的最小成本为
   1.2752e+08

使用4个网点的最小成本为
   1.0048e+08

使用5个网点的最小成本为
   6.5323e+07

使用6个网点的最小成本为
   5.7647e+07

使用7个网点的最小成本为
   5.5185e+07

使用8个网点的最小成本为
   4.6446e+07

使用9个网点的最小成本为
   4.4706e+07

使用10个网点的最小成本为
   4.2743e+07

使用11个网点的最小成本为
   3.7650e+07

使用12个网点的最小成本为
   3.4225e+07

使用13个网点的最小成本为
   3.6555e+07

使用14个网点的最小成本为
   3.7496e+07

使用15个网点的最小成本为
   3.3413e+07

使用16个网点的最小成本为
   3.3604e+07

使用17个网点的最小成本为
   3.2359e+07

使用18个网点的最小成本为
   3.3345e+07

使用19个网点的最小成本为
   2.7583e+07

使用20个网点的最小成本为
   3.1119e+07

使用21个网点的最小成本为
   2.8137e+07

使用22个网点的最小成本为
   2.7740e+07

使用23个网点的最小成本为
   2.6647e+07

使用24个网点的最小成本为
   2.4406e+07

使用25个网点的最小成本为
   2.5502e+07

使用26个网点的最小成本为
   2.5930e+07

使用27个网点的最小成本为
   2.5456e+07

使用28个网点的最小成本为
   2.5577e+07

使用29个网点的最小成本为
   2.4726e+07

使用30个网点的最小成本为
   2.5578e+07

使用31个网点的最小成本为
   2.4290e+07

使用32个网点的最小成本为
   2.5432e+07

使用33个网点的最小成本为
   2.3763e+07

使用34个网点的最小成本为
   2.4324e+07

使用35个网点的最小成本为
   2.3506e+07

使用36个网点的最小成本为
   2.5357e+07

使用37个网点的最小成本为
   2.4642e+07

使用38个网点的最小成本为
   2.5607e+07


（最优建设网点方案下的网点坐标）
loc =

        1300        2100
        1000        1700
        6843        4063
        6838        4063
        6400        4012
        7145        4008
        6912        4063
        6405        3931
        4800        3500
        4100        3200
        4700        3100
        4200        3500
        4821        3418
        7000        4500
        7300        4700
        8100        5000
        8500        5000
        8450        4820
        8450        4825
       10500        1900
       10200        1900
        9930        1200
       10065        1140
        9880         942
       10305        1200
       10700         323
       10197        2800
       10107        2740
        9650        2740
        9647        2698
       10227        3370
       10230        2370
       10200        2600
       10200        2340
       10150        2370
